_viz_net_graph = nengo_gui.components.NetGraph()
_viz_progress = nengo_gui.components.Progress()
_viz_config[_viz_progress].x = 0
_viz_config[_viz_progress].y = 0
_viz_config[_viz_progress].width = 100
_viz_config[_viz_progress].height = 100
_viz_config[_viz_progress].label_visible = True
_viz_sim_control = nengo_gui.components.SimControl()
_viz_config[_viz_sim_control].shown_time = 0.5
_viz_config[_viz_sim_control].kept_time = 4.0
_viz_config[ens].pos=(0.2974816369359915, 0.49565807327001343)
_viz_config[ens].size=(0.09803921568627451, 0.10869565217391303)
_viz_config[inj].pos=(0.16343144779573585, 0.8043478260869565)
_viz_config[inj].size=(0.042450905145440476, 0.08695652173913043)
_viz_config[model].pos=(0.0025096385225185647, 0.004323805055977847)
_viz_config[model].size=(0.9915604951230673, 0.9915604951230673)
_viz_config[model].expanded=True
_viz_config[model].has_layout=True
_viz_config[out].pos=(0.5762393526393524, 0.49999999999999994)
_viz_config[out].size=(0.07843137254901959, 0.08695652173913043)
_viz_config[stim].pos=(0.16396057231637692, 0.19565217391304346)
_viz_config[stim].size=(0.041921780624799634, 0.08695652173913043)