_viz_net_graph = nengo_gui.components.NetGraph()
_viz_progress = nengo_gui.components.Progress()
_viz_config[_viz_progress].x = 0
_viz_config[_viz_progress].y = 0
_viz_config[_viz_progress].width = 100
_viz_config[_viz_progress].height = 100
_viz_config[_viz_progress].label_visible = True
_viz_sim_control = nengo_gui.components.SimControl()
_viz_config[_viz_sim_control].shown_time = 0.5
_viz_config[_viz_sim_control].kept_time = 4.0
_viz_config[ens].pos=(0.4332015810276678, 0.6321981320790167)
_viz_config[ens].size=(0.07246376811594202, 0.06578947368421052)
_viz_config[error].pos=(0.9256258234519101, 0.8990937581646006)
_viz_config[error].size=(0.05797101449275362, 0.05263157894736842)
_viz_config[importance].pos=(0.6078398176527334, 0.8771784387543944)
_viz_config[importance].size=(0.05797101449275362, 0.05263157894736842)
_viz_config[learn].pos=(0.6947445508779618, 0.6321555205343435)
_viz_config[learn].size=(0.05797101449275362, 0.05263157894736842)
_viz_config[model].pos=(-0.03787878787878788, -0.38149376282962255)
_viz_config[model].size=(1.0, 1.0)
_viz_config[model].expanded=True
_viz_config[model].has_layout=True
_viz_config[output].pos=(0.9279658882938308, 0.6336388817360714)
_viz_config[output].size=(0.05797101449275362, 0.05263157894736842)
_viz_config[stim].pos=(0.17450592307391077, 0.6321981706295654)
_viz_config[stim].size=(0.05797101449275362, 0.05263157894736842)
_viz_config[target].pos=(0.9275362318840579, 1.031732356639356)
_viz_config[target].size=(0.05797101449275362, 0.05263157894736842)