_viz_0 = nengo_gui.components.Slider(inj)
_viz_config[_viz_0].max_value = 1
_viz_config[_viz_0].min_value = -1
_viz_config[_viz_0].x = 0.43206973197161214
_viz_config[_viz_0].y = 0.3432633106354431
_viz_config[_viz_0].width = 0.05509618309002433
_viz_config[_viz_0].height = 0.11616161616161616
_viz_config[_viz_0].label_visible = True
_viz_1 = nengo_gui.components.Slider(stim)
_viz_config[_viz_1].max_value = 1
_viz_config[_viz_1].min_value = -1
_viz_config[_viz_1].x = 0.14627455097938455
_viz_config[_viz_1].y = 0.9308281910331584
_viz_config[_viz_1].width = 0.05916400547445255
_viz_config[_viz_1].height = 0.10606061569367996
_viz_config[_viz_1].label_visible = True
_viz_2 = nengo_gui.components.Value(output)
_viz_config[_viz_2].max_value = 5
_viz_config[_viz_2].min_value = -5
_viz_config[_viz_2].show_legend = False
_viz_config[_viz_2].legend_labels = ['label_0']
_viz_config[_viz_2].synapse = 0.01
_viz_config[_viz_2].x = 0.7657422555846374
_viz_config[_viz_2].y = 0.3817421097183656
_viz_config[_viz_2].width = 0.12165450121654502
_viz_config[_viz_2].height = 0.12626262626262627
_viz_config[_viz_2].label_visible = True
_viz_3 = nengo_gui.components.Value(stim)
_viz_config[_viz_3].max_value = 5
_viz_config[_viz_3].min_value = -5
_viz_config[_viz_3].show_legend = False
_viz_config[_viz_3].legend_labels = ['label_0']
_viz_config[_viz_3].synapse = 0.01
_viz_config[_viz_3].x = 0.7645305778943003
_viz_config[_viz_3].y = 0.382848431585656
_viz_config[_viz_3].width = 0.12165450121654502
_viz_config[_viz_3].height = 0.12626262626262627
_viz_config[_viz_3].label_visible = True
_viz_net_graph = nengo_gui.components.NetGraph()
_viz_progress = nengo_gui.components.Progress()
_viz_config[_viz_progress].x = 0
_viz_config[_viz_progress].y = 0
_viz_config[_viz_progress].width = 100
_viz_config[_viz_progress].height = 100
_viz_config[_viz_progress].label_visible = True
_viz_sim_control = nengo_gui.components.SimControl()
_viz_config[_viz_sim_control].shown_time = 0.5
_viz_config[_viz_sim_control].kept_time = 4.0
_viz_config[ens].pos=(0.4332015810276678, 0.6321981320790167)
_viz_config[ens].size=(0.07246376811594202, 0.06578947368421052)
_viz_config[error].pos=(0.8451138692708176, 0.9508859577540523)
_viz_config[error].size=(0.05797101449275362, 0.05263157894736842)
_viz_config[inj].pos=(0.4336461838679944, 0.36521401001449555)
_viz_config[inj].size=(0.05065521552637692, 0.1)
_viz_config[learn].pos=(0.6947445508779618, 0.6321555205343435)
_viz_config[learn].size=(0.05797101449275362, 0.05263157894736842)
_viz_config[meta].pos=(0.5601519885925765, 0.7518046244813151)
_viz_config[meta].size=(0.04600000000000003, 0.04504973945997159)
_viz_config[model].pos=(0.009902834164860812, -0.13642831016599546)
_viz_config[model].size=(1.0, 1.0)
_viz_config[model].expanded=True
_viz_config[model].has_layout=True
_viz_config[output].pos=(0.8415911924300837, 0.6349021061163019)
_viz_config[output].size=(0.05797101449275362, 0.05263157894736842)
_viz_config[stim].pos=(0.14790385875098114, 0.9498990637069972)
_viz_config[stim].size=(0.05214987062455689, 0.09747600589500381)