_viz_0 = nengo_gui.components.Slider(b)
_viz_config[_viz_0].max_value = 2
_viz_config[_viz_0].min_value = 0
_viz_config[_viz_0].x = 0.11776212302712558
_viz_config[_viz_0].y = 0.3958509085009733
_viz_config[_viz_0].width = 0.05246589716684155
_viz_config[_viz_0].height = 0.1976284584980237
_viz_config[_viz_0].label_visible = True
_viz_1 = nengo_gui.components.XYValue(ens)
_viz_config[_viz_1].max_value = 5
_viz_config[_viz_1].min_value = -5
_viz_config[_viz_1].index_x = 0
_viz_config[_viz_1].index_y = 1
_viz_config[_viz_1].x = 0.7966982441138293
_viz_config[_viz_1].y = 0.18094028642891502
_viz_config[_viz_1].width = 0.17583028786988583
_viz_config[_viz_1].height = 0.27678985504752046
_viz_config[_viz_1].label_visible = True
_viz_2 = nengo_gui.components.Value(init)
_viz_config[_viz_2].max_value = 1
_viz_config[_viz_2].min_value = -1
_viz_config[_viz_2].show_legend = False
_viz_config[_viz_2].legend_labels = ['label_0']
_viz_config[_viz_2].synapse = 0.01
_viz_config[_viz_2].x = 0.5919270463114467
_viz_config[_viz_2].y = 0.768078185897097
_viz_config[_viz_2].width = 0.12954143469829096
_viz_config[_viz_2].height = 0.1927760876043737
_viz_config[_viz_2].label_visible = True
_viz_3 = nengo_gui.components.XYValue(ens)
_viz_config[_viz_3].max_value = 5
_viz_config[_viz_3].min_value = -5
_viz_config[_viz_3].index_x = 1
_viz_config[_viz_3].index_y = 2
_viz_config[_viz_3].x = 1.0920558788345862
_viz_config[_viz_3].y = 0.6238335250316076
_viz_config[_viz_3].width = 0.16400978995239218
_viz_config[_viz_3].height = 0.2558042100003201
_viz_config[_viz_3].label_visible = True
_viz_net_graph = nengo_gui.components.NetGraph()
_viz_progress = nengo_gui.components.Progress()
_viz_config[_viz_progress].x = 0
_viz_config[_viz_progress].y = 0
_viz_config[_viz_progress].width = 100
_viz_config[_viz_progress].height = 100
_viz_config[_viz_progress].label_visible = True
_viz_sim_control = nengo_gui.components.SimControl()
_viz_config[_viz_sim_control].shown_time = 0.5
_viz_config[_viz_sim_control].kept_time = 4.0
_viz_config[b].pos=(0.11879551019110296, 0.4826322930800541)
_viz_config[b].size=(0.04303793443352725, 0.21736770691994578)
_viz_config[ens].pos=(0.3834303157493085, 0.48263222682751017)
_viz_config[ens].size=(0.03728059715730233, 0.07713087455285562)
_viz_config[init].pos=(0.385671175580374, 0.08442717632119345)
_viz_config[init].size=(0.02745679656895708, 0.061317564118785785)
_viz_config[model].pos=(0.007666029376859118, 0.1916948484105161)
_viz_config[model].size=(0.7372886691462557, 0.7372886691462557)
_viz_config[model].expanded=True
_viz_config[model].has_layout=True